Reward Scale Stability Check
Loaded 500 episodes
Running profiles: tax_free, mass_affluent_individual, high_income_individual
Running policies: hold_to_terminal, sell_immediately, sell_half_then_hold, sell_quarters_over_time, random_policy

Step-level reward summary by profile and policy
            profile_name             policy_name            count          mean          std           min           p01           p05           p25       median          p75          p95          p99          max     abs_mean      abs_p95      abs_p99
                tax_free        hold_to_terminal 47470.0000000000  0.0013263830 0.0351522949 -0.5166297743 -0.0939979620 -0.0459594501 -0.0127145266 0.0010247567 0.0151511713 0.0482365049 0.0986198008 0.8525995671 0.0214968962 0.0651268543 0.1249158316
                tax_free        sell_immediately   500.0000000000  0.0000000000 0.0000000000  0.0000000000  0.0000000000  0.0000000000  0.0000000000 0.0000000000 0.0000000000 0.0000000000 0.0000000000 0.0000000000 0.0000000000 0.0000000000 0.0000000000
                tax_free     sell_half_then_hold 47470.0000000000  0.0006631915 0.0175761474 -0.2583148872 -0.0469989810 -0.0229797250 -0.0063572633 0.0005123783 0.0075755856 0.0241182525 0.0493099004 0.4262997836 0.0107484481 0.0325634271 0.0624579158
                tax_free sell_quarters_over_time  1923.0000000000  0.0003946328 0.0190049641 -0.3517700522 -0.0536317003 -0.0196811997 -0.0027571203 0.0000000000 0.0037837462 0.0230075092 0.0501963108 0.2423180353 0.0083494793 0.0323275448 0.0782683600
                tax_free           random_policy  1182.0000000000 -0.0004522532 0.0221299903 -0.3517700522 -0.0564356947 -0.0206755356 -0.0011035715 0.0000000000 0.0016354826 0.0199728023 0.0557850600 0.1615453569 0.0078627342 0.0330564473 0.0898256518
mass_affluent_individual        hold_to_terminal 47470.0000000000  0.0015733773 0.0281512274 -0.4180987372 -0.0718355009 -0.0352003876 -0.0096020968 0.0009418418 0.0119272581 0.0388327576 0.0826542401 0.8325925283 0.0169098960 0.0517804900 0.1003451219
mass_affluent_individual        sell_immediately   500.0000000000  0.0000000000 0.0000000000  0.0000000000  0.0000000000  0.0000000000  0.0000000000 0.0000000000 0.0000000000 0.0000000000 0.0000000000 0.0000000000 0.0000000000 0.0000000000 0.0000000000
mass_affluent_individual     sell_half_then_hold 47470.0000000000  0.0007866887 0.0140756137 -0.2090493686 -0.0359177505 -0.0176001938 -0.0048010484 0.0004709209 0.0059636290 0.0194163788 0.0413271200 0.4162962642 0.0084549480 0.0258902450 0.0501725609
mass_affluent_individual sell_quarters_over_time  1923.0000000000  0.0009208727 0.0160524152 -0.2673452397 -0.0379489413 -0.0146724611 -0.0019902897 0.0000000000 0.0030378125 0.0197696713 0.0529630657 0.1841617068 0.0068044524 0.0260336040 0.0664098074
mass_affluent_individual           random_policy  1215.0000000000  0.0010032216 0.0141130025 -0.1046731169 -0.0308379997 -0.0122473503 -0.0005984290 0.0000000000 0.0014901756 0.0158985653 0.0433398121 0.2024805142 0.0054772353 0.0222615450 0.0564037548
  high_income_individual        hold_to_terminal 47470.0000000000  0.0018836787 0.0271654345 -0.3729386785 -0.0619884755 -0.0303486342 -0.0082443218 0.0008207913 0.0102594338 0.0349111588 0.0834897924 0.9934073523 0.0151005982 0.0466011748 0.0997198362
  high_income_individual        sell_immediately   500.0000000000  0.0000000000 0.0000000000  0.0000000000  0.0000000000  0.0000000000  0.0000000000 0.0000000000 0.0000000000 0.0000000000 0.0000000000 0.0000000000 0.0000000000 0.0000000000 0.0000000000
  high_income_individual     sell_half_then_hold 47470.0000000000  0.0009418393 0.0135827173 -0.1864693393 -0.0309942377 -0.0151743171 -0.0041221609 0.0004103957 0.0051297169 0.0174555794 0.0417448962 0.4967036762 0.0075502991 0.0233005874 0.0498599181
  high_income_individual sell_quarters_over_time  1923.0000000000  0.0013742245 0.0169639909 -0.2286505340 -0.0324563314 -0.0125488154 -0.0016946218 0.0000000000 0.0026164902 0.0177008162 0.0570372934 0.2416223520 0.0064018106 0.0236700524 0.0667266179
  high_income_individual           random_policy  1202.0000000000  0.0016821111 0.0168977476 -0.0799014194 -0.0279281710 -0.0109558718 -0.0001447046 0.0000000000 0.0016175849 0.0180589234 0.0566612558 0.2945612560 0.0056407246 0.0237042855 0.0668709241

Episode-level total reward summary by profile and policy
            profile_name             policy_name          count          mean          std           min           p01           p05           p25       median          p75          p95          p99          max     abs_mean      abs_p95      abs_p99
                tax_free        hold_to_terminal 500.0000000000  0.1259268029 0.3922218615 -0.7572259071 -0.6030344122 -0.2833681318 -0.0233350008 0.0513730433 0.2110760823 0.6645371272 1.7512532901 3.1313866146 0.2197900631 0.7059875949 1.7512532901
                tax_free        sell_immediately 500.0000000000  0.0000000000 0.0000000000  0.0000000000  0.0000000000  0.0000000000  0.0000000000 0.0000000000 0.0000000000 0.0000000000 0.0000000000 0.0000000000 0.0000000000 0.0000000000 0.0000000000
                tax_free     sell_half_then_hold 500.0000000000  0.0629634014 0.1961109307 -0.3786129535 -0.3015172061 -0.1416840659 -0.0116675004 0.0256865217 0.1055380412 0.3322685636 0.8756266450 1.5656933073 0.1098950316 0.3529937974 0.8756266450
                tax_free sell_quarters_over_time 500.0000000000  0.0015177578 0.0386050154 -0.5431416838 -0.0915361734 -0.0455308941 -0.0088038210 0.0022113125 0.0144197559 0.0508599341 0.0975113235 0.1370967385 0.0207663237 0.0681256686 0.1026194411
                tax_free           random_policy 500.0000000000 -0.0010691266 0.0403864951 -0.6404868296 -0.1015508819 -0.0347838955 -0.0044016968 0.0000000000 0.0051090943 0.0394736601 0.0849224248 0.1924059056 0.0147832521 0.0613470158 0.1328887394
mass_affluent_individual        hold_to_terminal 500.0000000000  0.1493764430 0.3345698034 -0.6831537306 -0.4923342407 -0.1970389759  0.0147528323 0.0902102330 0.2138674236 0.6131507181 1.5216141440 2.8012771776 0.2078816956 0.6292692405 1.5216141440
mass_affluent_individual        sell_immediately 500.0000000000  0.0000000000 0.0000000000  0.0000000000  0.0000000000  0.0000000000  0.0000000000 0.0000000000 0.0000000000 0.0000000000 0.0000000000 0.0000000000 0.0000000000 0.0000000000 0.0000000000
mass_affluent_individual     sell_half_then_hold 500.0000000000  0.0746882215 0.1672849017 -0.3415768653 -0.2461671204 -0.0985194879  0.0073764162 0.0451051165 0.1069337118 0.3065753591 0.7608070720 1.4006385888 0.1039408478 0.3146346203 0.7608070720
mass_affluent_individual sell_quarters_over_time 500.0000000000  0.0035416765 0.0323612923 -0.4127876797 -0.0695674918 -0.0317464194 -0.0062479463 0.0023887898 0.0122180517 0.0444284757 0.0988076342 0.1518603857 0.0176772667 0.0597556422 0.1112493975
mass_affluent_individual           random_policy 500.0000000000  0.0024378284 0.0218567627 -0.0969385228 -0.0550744224 -0.0198028605 -0.0031402166 0.0000000000 0.0057424907 0.0315182196 0.0844732240 0.2024805142 0.0106198276 0.0433871949 0.0933227471
  high_income_individual        hold_to_terminal 500.0000000000  0.1788364514 0.3233524879 -0.6492039830 -0.4420282896 -0.1644744355  0.0425365242 0.1147930622 0.2463501005 0.6395030528 1.4815055969 2.7939633304 0.2233029721 0.6461742094 1.4815055969
  high_income_individual        sell_immediately 500.0000000000  0.0000000000 0.0000000000  0.0000000000  0.0000000000  0.0000000000  0.0000000000 0.0000000000 0.0000000000 0.0000000000 0.0000000000 0.0000000000 0.0000000000 0.0000000000 0.0000000000
  high_income_individual     sell_half_then_hold 500.0000000000  0.0894182257 0.1616762439 -0.3246019915 -0.2210141448 -0.0822372177  0.0212682621 0.0573965311 0.1231750503 0.3197515264 0.7407527985 1.3969816652 0.1116514860 0.3230871047 0.7407527985
  high_income_individual sell_quarters_over_time 500.0000000000  0.0052852676 0.0337526974 -0.3530420945 -0.0594985127 -0.0271515429 -0.0053436383 0.0021320571 0.0108756740 0.0495567809 0.1115316076 0.2416223520 0.0173553159 0.0575419327 0.1445549052
  high_income_individual           random_policy 500.0000000000  0.0040437950 0.0249826679 -0.1141819767 -0.0319339496 -0.0153441842 -0.0028025594 0.0000000000 0.0047119534 0.0326825375 0.0963407439 0.2945612560 0.0102389224 0.0359868548 0.1056364754

Warnings
No stability warnings triggered.

Saved outputs to reports/reward_scale/
REWARD SCALE CHECK COMPLETE
