Reward C-lite Behavior Inspection
config_path: configs/train_reward_c_lite_v5.yaml
reward_version: C_lite_after_tax_value_change_minus_cooldown_penalty
tax_profile_name: mass_affluent_individual
resolved_tax_profile: {'profile_name': 'mass_affluent_individual', 'short_term_rate': 0.1919, 'long_term_rate': 0.1018, 'niit_rate': 0.0, 'apply_niit': False}
transaction_penalty_note: transaction penalty is a training reward-shaping term for discretionary sales; final after-tax value remains the economic metric.
cooldown_penalty_note: cooldown penalty is a training reward-shaping term; final after-tax value remains the economic metric.
comparison_note: compare C-lite learned behavior against Reward A v3 later; this file does not state final thesis conclusions.

Inputs
- runs/train_reward_c_lite_v5_full/baselines/baseline_step_rollouts.csv
- runs/train_reward_c_lite_v5_full/baselines/baseline_episode_metrics.csv
- runs/train_reward_c_lite_v5_full/baselines/baseline_summary_by_policy.csv

DQN action distribution
     split  action_idx  action_fraction_requested  step_count  step_share  mean_executed_fraction  mean_reward  median_reward  mean_remaining_fraction_after_action  terminal_step_count
      test           0                       0.00       38331    0.919870                0.000000     0.000622       0.000000                              0.689409                  260
      test           1                       0.25        1185    0.028438                0.250000     0.002001       0.000380                              0.454008                  205
      test           2                       0.50        1767    0.042405                0.452462     0.001062       0.000000                              0.237691                  811
      test           3                       0.75         386    0.009263                0.562824    -0.001773      -0.000930                              0.093264                  242
      test           4                       1.00           1    0.000024                0.250000    -0.001457      -0.001457                              0.000000                    1
validation           0                       0.00       30796    0.907981                0.000000     0.000191       0.000000                              0.712617                  262
validation           1                       0.25         965    0.028452                0.250000    -0.000587       0.000000                              0.414767                  227
validation           2                       0.50        1752    0.051656                0.460331     0.002206       0.000000                              0.248430                  798
validation           3                       0.75         401    0.011823                0.589152     0.005058       0.000773                              0.108479                  227
validation           4                       1.00           3    0.000088                0.583333    -0.004532      -0.003320                              0.000000                    3

DQN first-cut behavior
     split  num_episodes  cut_frequency  no_cut_frequency  mean_first_cut_step  median_first_cut_step  p25_first_cut_step  p75_first_cut_step  mean_first_cut_fraction_executed  median_first_cut_fraction_executed  sell_immediately_frequency  terminal_liquidation_frequency  full_liquidation_frequency  mean_episode_steps  median_episode_steps
      test          1519       0.908492          0.091508            10.921739                    4.0                 1.0                12.0                          0.437319                                 0.5                    0.160632                        0.190915                         1.0           27.432521                  17.0
validation          1517       0.896506          0.103494            10.005147                    4.0                 1.0                13.0                          0.459926                                 0.5                    0.172050                        0.198418                         1.0           22.357943                  16.0

DQN episode behavior labels
     split              behavior_label  episode_count  episode_share
      test                delayed_exit           1136       0.747860
      test      immediate_partial_exit            244       0.160632
      test no_cut_terminal_liquidation            139       0.091508
validation                delayed_exit           1099       0.724456
validation      immediate_partial_exit            261       0.172050
validation no_cut_terminal_liquidation            157       0.103494

Policy behavior comparison
     split                                      policy_name  num_episodes  mean_episode_total_reward  median_episode_total_reward  mean_episode_total_reward_A  mean_episode_total_reward_C_lite  mean_episode_total_reward_C_lite_v2  mean_episode_total_transaction_penalty  mean_episode_total_cooldown_penalty  mean_final_after_tax_total_value  median_final_after_tax_total_value  mean_realized_after_tax_pnl  median_realized_after_tax_pnl  mean_episode_steps  median_episode_steps  terminal_liquidation_frequency  full_liquidation_frequency  cut_frequency  sell_immediately_frequency  mean_first_cut_step  median_first_cut_step  mean_first_cut_fraction_executed  average_days_to_first_sale  pct_episodes_with_first_sale_before_tax_transition  mean_pct_position_sold_short_term  mean_pct_position_sold_long_term  mean_total_tax_paid  mean_transaction_penalty  mean_cooldown_penalty
      test                                 hold_to_terminal          1519                   0.110042                     0.064151                     0.110042                          0.110042                             0.110042                                     0.0                             0.000000                          0.504345                            0.405272                     0.504345                       0.405272           82.314681                  67.0                        1.000000                         1.0       0.000000                    0.000000                  NaN                    NaN                               NaN                         NaN                                            0.000000                           0.000000                          1.000000             0.057564                       0.0               0.000000
      test                                    random_policy          1519                   0.001455                     0.000000                     0.002286                          0.001455                             0.001455                                     0.0                             0.000830                          0.396589                            0.280413                     0.396589                       0.280413            2.395655                   2.0                        0.052666                         1.0       0.989467                    0.795260             0.252828                    0.0                          0.609780                    0.363273                                            0.971034                           0.956715                          0.043285             0.090640                       0.0               0.000830
      test                              sell_half_then_hold          1519                   0.055021                     0.032076                     0.055021                          0.055021                             0.055021                                     0.0                             0.000000                          0.449324                            0.350763                     0.449324                       0.350763           82.314681                  67.0                        1.000000                         1.0       1.000000                    1.000000             0.000000                    0.0                          0.500000                    0.000000                                            0.977617                           0.488808                          0.511192             0.074619                       0.0               0.000000
      test                                 sell_immediately          1519                   0.000000                     0.000000                     0.000000                          0.000000                             0.000000                                     0.0                             0.000000                          0.394303                            0.278295                     0.394303                       0.278295            1.000000                   1.0                        0.000000                         1.0       1.000000                    1.000000             0.000000                    0.0                          1.000000                    0.000000                                            0.977617                           0.977617                          0.022383             0.091674                       0.0               0.000000
      test                          sell_quarters_over_time          1519                   0.001340                     0.000000                     0.002971                          0.001340                             0.001340                                     0.0                             0.001631                          0.397274                            0.283519                     0.397274                       0.283519            3.813035                   4.0                        0.076366                         1.0       1.000000                    1.000000             0.000000                    0.0                          0.250000                    0.000000                                            0.977617                           0.947663                          0.052337             0.090132                       0.0               0.001631
      test trained_dqn_first_sale_margin_0p020_normal_0p020          1519                   0.039867                     0.017289                     0.040099                          0.039867                             0.039867                                     0.0                             0.000231                          0.434402                            0.330401                     0.434402                       0.330401           44.861093                  29.0                        0.359447                         1.0       0.824885                    0.081633            28.221069                   12.0                          0.487630                   40.733440                                            0.822251                           0.739631                          0.260369             0.085319                       0.0               0.000231
      test trained_dqn_first_sale_margin_0p030_normal_0p020          1519                   0.044864                     0.020985                     0.045086                          0.044864                             0.044864                                     0.0                             0.000222                          0.439389                            0.338644                     0.439389                       0.338644           47.496379                  32.0                        0.412772                         1.0       0.755760                    0.056616            34.768293                   19.0                          0.503920                   50.277003                                            0.753127                           0.681698                          0.318302             0.083067                       0.0               0.000222
      test trained_dqn_first_sale_margin_0p040_normal_0p020          1519                   0.050220                     0.023361                     0.050426                          0.050220                             0.050220                                     0.0                             0.000206                          0.444729                            0.342273                     0.444729                       0.342273           50.011850                  36.0                        0.471363                         1.0       0.670178                    0.038183            37.907662                   24.0                          0.517682                   54.926326                                            0.668203                           0.610270                          0.389730             0.079614                       0.0               0.000206
      test trained_dqn_first_sale_margin_0p050_normal_0p020          1519                   0.054702                     0.027116                     0.054896                          0.054702                             0.054702                                     0.0                             0.000194                          0.449200                            0.348601                     0.449200                       0.348601           52.163265                  40.0                        0.522054                         1.0       0.596445                    0.029625            38.253863                   28.0                          0.507450                   55.597130                                            0.594470                           0.546248                          0.453752             0.076787                       0.0               0.000194
      test trained_dqn_first_sale_margin_0p060_normal_0p020          1519                   0.059678                     0.029706                     0.059849                          0.059678                             0.059678                                     0.0                             0.000171                          0.454152                            0.353494                     0.454152                       0.353494           54.042133                  43.0                        0.570770                         1.0       0.522712                    0.018433            39.404282                   32.0                          0.512594                   57.416877                                            0.522712                           0.482719                          0.517281             0.073961                       0.0               0.000171
      test trained_dqn_first_sale_margin_0p070_normal_0p020          1519                   0.065660                     0.034753                     0.065814                          0.065660                             0.065660                                     0.0                             0.000154                          0.460117                            0.363631                     0.460117                       0.363631           56.497696                  45.0                        0.613562                         1.0       0.466096                    0.009875            44.120056                   36.0                          0.508121                   64.387006                                            0.466096                           0.431369                          0.568631             0.072137                       0.0               0.000154
      test trained_dqn_first_sale_margin_0p080_normal_0p020          1519                   0.069147                     0.038684                     0.069291                          0.069147                             0.069147                                     0.0                             0.000144                          0.463594                            0.370119                     0.463594                       0.370119           59.982225                  48.0                        0.653720                         1.0       0.415405                    0.007900            49.873217                   41.0                          0.514659                   72.651347                                            0.415405                           0.384957                          0.615043             0.070538                       0.0               0.000144
      test trained_dqn_first_sale_margin_0p090_normal_0p020          1519                   0.074135                     0.043342                     0.074272                          0.074135                             0.074135                                     0.0                             0.000136                          0.468575                            0.374724                     0.468575                       0.374724           64.150099                  51.0                        0.706386                         1.0       0.362080                    0.005267            57.494545                   45.0                          0.525000                   83.661818                                            0.362080                           0.332620                          0.667380             0.068771                       0.0               0.000136
      test                               trained_dqn_greedy          1519                   0.018041                     0.008220                     0.018567                          0.018041                             0.018041                                     0.0                             0.000527                          0.412870                            0.311145                     0.412870                       0.311145           27.432521                  17.0                        0.190915                         1.0       0.908492                    0.160632            10.921739                    4.0                          0.437319                   15.707246                                            0.902567                           0.861916                          0.138084             0.088180                       0.0               0.000527
      test             trained_dqn_thresholded_margin_0p001          1519                   0.018261                     0.008489                     0.018774                          0.018261                             0.018261                                     0.0                             0.000513                          0.413077                            0.311889                     0.413077                       0.311889           28.348255                  17.0                        0.195523                         1.0       0.907176                    0.157340            11.376633                    4.0                          0.438498                   16.367925                                            0.901251                           0.858789                          0.141211             0.088065                       0.0               0.000513
      test             trained_dqn_thresholded_margin_0p005          1519                   0.022113                     0.009969                     0.022545                          0.022113                             0.022113                                     0.0                             0.000432                          0.416848                            0.318466                     0.416848                       0.318466           32.526662                  20.0                        0.217248                         1.0       0.895984                    0.132982            14.587803                    5.0                          0.448200                   21.009552                                            0.891376                           0.842824                          0.157176             0.087509                       0.0               0.000432
      test             trained_dqn_thresholded_margin_0p010          1519                   0.028669                     0.012505                     0.029019                          0.028669                             0.028669                                     0.0                             0.000350                          0.423323                            0.323766                     0.423323                       0.323766           37.748519                  23.0                        0.258723                         1.0       0.874918                    0.107966            19.188864                    7.0                          0.458616                   27.675696                                            0.871626                           0.812541                          0.187459             0.086902                       0.0               0.000350
      test             trained_dqn_thresholded_margin_0p015          1519                   0.034023                     0.015697                     0.034308                          0.034023                             0.034023                                     0.0                             0.000285                          0.428611                            0.326778                     0.428611                       0.326778           41.495721                  26.0                        0.301514                         1.0       0.853193                    0.093483            24.045525                    9.0                          0.473380                   34.702932                                            0.850560                           0.782258                          0.217742             0.086486                       0.0               0.000285
      test             trained_dqn_thresholded_margin_0p020          1519                   0.039867                     0.017289                     0.040099                          0.039867                             0.039867                                     0.0                             0.000231                          0.434402                            0.330401                     0.434402                       0.330401           44.861093                  29.0                        0.359447                         1.0       0.824885                    0.081633            28.221069                   12.0                          0.487630                   40.733440                                            0.822251                           0.739631                          0.260369             0.085319                       0.0               0.000231
validation                                 hold_to_terminal          1517                   0.090020                     0.050848                     0.090020                          0.090020                             0.090020                                     0.0                             0.000000                          0.513235                            0.384871                     0.513235                       0.384871          102.146341                  87.0                        1.000000                         1.0       0.000000                    0.000000                  NaN                    NaN                               NaN                         NaN                                            0.000000                           0.000000                          1.000000             0.058876                       0.0               0.000000
validation                                    random_policy          1517                   0.001011                     0.000000                     0.001811                          0.001011                             0.001011                                     0.0                             0.000800                          0.425027                            0.279134                     0.425027                       0.279134            2.384970                   2.0                        0.045485                         1.0       0.991430                    0.793013             0.239362                    0.0                          0.627327                    0.348404                                            0.988794                           0.972643                          0.027357             0.098644                       0.0               0.000800
validation                              sell_half_then_hold          1517                   0.045010                     0.025424                     0.045010                          0.045010                             0.045010                                     0.0                             0.000000                          0.468225                            0.347694                     0.468225                       0.347694          102.146341                  87.0                        1.000000                         1.0       1.000000                    1.000000             0.000000                    0.0                          0.500000                    0.000000                                            0.996704                           0.498352                          0.501648             0.079619                       0.0               0.000000
validation                                 sell_immediately          1517                   0.000000                     0.000000                     0.000000                          0.000000                             0.000000                                     0.0                             0.000000                          0.423216                            0.274078                     0.423216                       0.274078            1.000000                   1.0                        0.000000                         1.0       1.000000                    1.000000             0.000000                    0.0                          1.000000                    0.000000                                            0.996704                           0.996704                          0.003296             0.100362                       0.0               0.000000
validation                          sell_quarters_over_time          1517                   0.000223                    -0.000869                     0.001843                          0.000223                             0.000223                                     0.0                             0.001620                          0.425059                            0.281888                     0.425059                       0.281888            3.797627                   4.0                        0.088991                         1.0       1.000000                    1.000000             0.000000                    0.0                          0.250000                    0.000000                                            0.996704                           0.948583                          0.051417             0.096685                       0.0               0.001620
validation trained_dqn_first_sale_margin_0p020_normal_0p020          1517                   0.017486                     0.014569                     0.017781                          0.017486                             0.017486                                     0.0                             0.000295                          0.440997                            0.316672                     0.440997                       0.316672           39.730389                  32.0                        0.337508                         1.0       0.799604                    0.085036            21.020610                   12.0                          0.489695                   30.566364                                            0.799604                           0.731707                          0.268293             0.081907                       0.0               0.000295
validation trained_dqn_first_sale_margin_0p030_normal_0p020          1517                   0.019991                     0.018703                     0.020255                          0.019991                             0.019991                                     0.0                             0.000264                          0.443470                            0.323424                     0.443470                       0.323424           44.280158                  37.0                        0.375082                         1.0       0.736981                    0.059987            29.048301                   17.5                          0.507156                   42.175313                                            0.736981                           0.683092                          0.316908             0.079817                       0.0               0.000264
validation trained_dqn_first_sale_margin_0p040_normal_0p020          1517                   0.030260                     0.023368                     0.030505                          0.030260                             0.030260                                     0.0                             0.000245                          0.453720                            0.330792                     0.453720                       0.330792           50.012525                  41.0                        0.414634                         1.0       0.666447                    0.050758            37.582591                   24.0                          0.512364                   54.587537                                            0.666447                           0.628543                          0.371457             0.078006                       0.0               0.000245
validation trained_dqn_first_sale_margin_0p050_normal_0p020          1517                   0.033486                     0.025440                     0.033729                          0.033486                             0.033486                                     0.0                             0.000243                          0.456945                            0.338063                     0.456945                       0.338063           57.586025                  45.0                        0.462096                         1.0       0.603164                    0.032960            50.814208                   39.0                          0.515574                   73.850273                                            0.603164                           0.573665                          0.426335             0.075667                       0.0               0.000243
validation trained_dqn_first_sale_margin_0p060_normal_0p020          1517                   0.040827                     0.028729                     0.041057                          0.040827                             0.040827                                     0.0                             0.000230                          0.464273                            0.346138                     0.464273                       0.346138           66.174687                  51.0                        0.519446                         1.0       0.541859                    0.025049            65.560827                   58.0                          0.524027                   95.317518                                            0.541859                           0.513843                          0.486157             0.074271                       0.0               0.000230
validation trained_dqn_first_sale_margin_0p070_normal_0p020          1517                   0.048581                     0.032638                     0.048775                          0.048581                             0.048581                                     0.0                             0.000195                          0.471991                            0.349922                     0.471991                       0.349922           74.205669                  58.0                        0.586025                         1.0       0.470666                    0.017139            76.284314                   71.0                          0.526261                  110.908964                                            0.470666                           0.445452                          0.554548             0.072828                       0.0               0.000195
validation trained_dqn_first_sale_margin_0p080_normal_0p020          1517                   0.059810                     0.040798                     0.059944                          0.059810                             0.059810                                     0.0                             0.000134                          0.483159                            0.365001                     0.483159                       0.365001           82.413975                  66.0                        0.693474                         1.0       0.366513                    0.010547            84.357914                   81.0                          0.534173                  122.627698                                            0.366513                           0.338167                          0.661833             0.070790                       0.0               0.000134
validation trained_dqn_first_sale_margin_0p090_normal_0p020          1517                   0.068103                     0.043942                     0.068192                          0.068103                             0.068103                                     0.0                             0.000089                          0.491407                            0.372018                     0.491407                       0.372018           89.549769                  72.0                        0.792353                         1.0       0.252472                    0.005933            92.446475                   87.0                          0.563969                  134.305483                                            0.252472                           0.232367                          0.767633             0.067680                       0.0               0.000089
validation                               trained_dqn_greedy          1517                   0.007380                     0.006035                     0.007934                          0.007380                             0.007380                                     0.0                             0.000554                          0.431149                            0.301494                     0.431149                       0.301494           22.357943                  16.0                        0.198418                         1.0       0.896506                    0.172050            10.005147                    4.0                          0.459926                   14.580882                                            0.896506                           0.847561                          0.152439             0.087747                       0.0               0.000554
validation             trained_dqn_thresholded_margin_0p001          1517                   0.007843                     0.006035                     0.008379                          0.007843                             0.007843                                     0.0                             0.000536                          0.431594                            0.302863                     0.431594                       0.302863           23.059328                  17.0                        0.205669                         1.0       0.895847                    0.164799            10.481236                    4.0                          0.460265                   15.266372                                            0.895847                           0.842947                          0.157053             0.087515                       0.0               0.000536
validation             trained_dqn_thresholded_margin_0p005          1517                   0.007147                     0.006362                     0.007642                          0.007147                             0.007147                                     0.0                             0.000495                          0.430858                            0.305281                     0.430858                       0.305281           25.982202                  18.0                        0.230059                         1.0       0.882004                    0.148319            12.519432                    5.0                          0.463939                   18.245142                                            0.882004                           0.823500                          0.176500             0.085940                       0.0               0.000495
validation             trained_dqn_thresholded_margin_0p010          1517                   0.009498                     0.007619                     0.009922                          0.009498                             0.009498                                     0.0                             0.000425                          0.433138                            0.309581                     0.433138                       0.309581           30.263678                  23.0                        0.266974                         1.0       0.859591                    0.127225            15.014571                    7.0                          0.469325                   21.867331                                            0.859591                           0.796144                          0.203856             0.084722                       0.0               0.000425
validation             trained_dqn_thresholded_margin_0p015          1517                   0.013090                     0.011954                     0.013442                          0.013090                             0.013090                                     0.0                             0.000352                          0.436658                            0.311521                     0.436658                       0.311521           34.844430                  27.0                        0.305867                         1.0       0.833883                    0.105471            17.584980                   10.0                          0.477866                   25.611067                                            0.833883                           0.762690                          0.237310             0.082942                       0.0               0.000352
validation             trained_dqn_thresholded_margin_0p020          1517                   0.017486                     0.014569                     0.017781                          0.017486                             0.017486                                     0.0                             0.000295                          0.440997                            0.316672                     0.440997                       0.316672           39.730389                  32.0                        0.337508                         1.0       0.799604                    0.085036            21.020610                   12.0                          0.489695                   30.566364                                            0.799604                           0.731707                          0.268293             0.081907                       0.0               0.000295

Cooldown penalty summary
     split                                      policy_name  num_episodes  mean_episode_total_cooldown_penalty  median_episode_total_cooldown_penalty  cooldown_penalty_episode_frequency  mean_cooldown_penalty_frequency  mean_episode_steps  cut_frequency  terminal_liquidation_frequency  mean_final_after_tax_total_value
      test                                 hold_to_terminal          1519                             0.000000                               0.000000                            0.000000                         0.000000           82.314681       0.000000                        1.000000                          0.504345
      test                                    random_policy          1519                             0.000830                               0.000875                            0.717577                         0.332045            2.395655       0.989467                        0.052666                          0.396589
      test                              sell_half_then_hold          1519                             0.000000                               0.000000                            0.000000                         0.000000           82.314681       1.000000                        1.000000                          0.449324
      test                                 sell_immediately          1519                             0.000000                               0.000000                            0.000000                         0.000000            1.000000       1.000000                        0.000000                          0.394303
      test                          sell_quarters_over_time          1519                             0.001631                               0.001719                            0.953917                         0.709842            3.813035       1.000000                        0.076366                          0.397274
      test trained_dqn_first_sale_margin_0p020_normal_0p020          1519                             0.000231                               0.000000                            0.404872                         0.029861           44.861093       0.824885                        0.359447                          0.434402
      test trained_dqn_first_sale_margin_0p030_normal_0p020          1519                             0.000222                               0.000000                            0.412772                         0.025032           47.496379       0.755760                        0.412772                          0.439389
      test trained_dqn_first_sale_margin_0p040_normal_0p020          1519                             0.000206                               0.000000                            0.404872                         0.021322           50.011850       0.670178                        0.471363                          0.444729
      test trained_dqn_first_sale_margin_0p050_normal_0p020          1519                             0.000194                               0.000000                            0.389730                         0.017348           52.163265       0.596445                        0.522054                          0.449200
      test trained_dqn_first_sale_margin_0p060_normal_0p020          1519                             0.000171                               0.000000                            0.360105                         0.014408           54.042133       0.522712                        0.570770                          0.454152
      test trained_dqn_first_sale_margin_0p070_normal_0p020          1519                             0.000154                               0.000000                            0.338381                         0.011915           56.497696       0.466096                        0.613562                          0.460117
      test trained_dqn_first_sale_margin_0p080_normal_0p020          1519                             0.000144                               0.000000                            0.317314                         0.010360           59.982225       0.415405                        0.653720                          0.463594
      test trained_dqn_first_sale_margin_0p090_normal_0p020          1519                             0.000136                               0.000000                            0.278473                         0.008617           64.150099       0.362080                        0.706386                          0.468575
      test                               trained_dqn_greedy          1519                             0.000527                               0.000500                            0.685319                         0.083909           27.432521       0.908492                        0.190915                          0.412870
      test             trained_dqn_thresholded_margin_0p001          1519                             0.000513                               0.000469                            0.675444                         0.080110           28.348255       0.907176                        0.195523                          0.413077
      test             trained_dqn_thresholded_margin_0p005          1519                             0.000432                               0.000375                            0.620145                         0.064964           32.526662       0.895984                        0.217248                          0.416848
      test             trained_dqn_thresholded_margin_0p010          1519                             0.000350                               0.000063                            0.540487                         0.050259           37.748519       0.874918                        0.258723                          0.423323
      test             trained_dqn_thresholded_margin_0p015          1519                             0.000285                               0.000000                            0.470046                         0.037984           41.495721       0.853193                        0.301514                          0.428611
      test             trained_dqn_thresholded_margin_0p020          1519                             0.000231                               0.000000                            0.404872                         0.029861           44.861093       0.824885                        0.359447                          0.434402
validation                                 hold_to_terminal          1517                             0.000000                               0.000000                            0.000000                         0.000000          102.146341       0.000000                        1.000000                          0.513235
validation                                    random_policy          1517                             0.000800                               0.000594                            0.716546                         0.331907            2.384970       0.991430                        0.045485                          0.425027
validation                              sell_half_then_hold          1517                             0.000000                               0.000000                            0.000000                         0.000000          102.146341       1.000000                        1.000000                          0.468225
validation                                 sell_immediately          1517                             0.000000                               0.000000                            0.000000                         0.000000            1.000000       1.000000                        0.000000                          0.423216
validation                          sell_quarters_over_time          1517                             0.001620                               0.001719                            0.962426                         0.711162            3.797627       1.000000                        0.088991                          0.425059
validation trained_dqn_first_sale_margin_0p020_normal_0p020          1517                             0.000295                               0.000000                            0.442980                         0.032471           39.730389       0.799604                        0.337508                          0.440997
validation trained_dqn_first_sale_margin_0p030_normal_0p020          1517                             0.000264                               0.000000                            0.417930                         0.025098           44.280158       0.736981                        0.375082                          0.443470
validation trained_dqn_first_sale_margin_0p040_normal_0p020          1517                             0.000245                               0.000000                            0.396177                         0.020551           50.012525       0.666447                        0.414634                          0.453720
validation trained_dqn_first_sale_margin_0p050_normal_0p020          1517                             0.000243                               0.000000                            0.392881                         0.016314           57.586025       0.603164                        0.462096                          0.456945
validation trained_dqn_first_sale_margin_0p060_normal_0p020          1517                             0.000230                               0.000000                            0.373764                         0.013376           66.174687       0.541859                        0.519446                          0.464273
validation trained_dqn_first_sale_margin_0p070_normal_0p020          1517                             0.000195                               0.000000                            0.326302                         0.010539           74.205669       0.470666                        0.586025                          0.471991
validation trained_dqn_first_sale_margin_0p080_normal_0p020          1517                             0.000134                               0.000000                            0.237970                         0.006116           82.413975       0.366513                        0.693474                          0.483159
validation trained_dqn_first_sale_margin_0p090_normal_0p020          1517                             0.000089                               0.000000                            0.159525                         0.003828           89.549769       0.252472                        0.792353                          0.491407
validation                               trained_dqn_greedy          1517                             0.000554                               0.000500                            0.671721                         0.087620           22.357943       0.896506                        0.198418                          0.431149
validation             trained_dqn_thresholded_margin_0p001          1517                             0.000536                               0.000438                            0.661833                         0.083492           23.059328       0.895847                        0.205669                          0.431594
validation             trained_dqn_thresholded_margin_0p005          1517                             0.000495                               0.000375                            0.630191                         0.070776           25.982202       0.882004                        0.230059                          0.430858
validation             trained_dqn_thresholded_margin_0p010          1517                             0.000425                               0.000281                            0.568886                         0.054690           30.263678       0.859591                        0.266974                          0.433138
validation             trained_dqn_thresholded_margin_0p015          1517                             0.000352                               0.000000                            0.494397                         0.042654           34.844430       0.833883                        0.305867                          0.436658
validation             trained_dqn_thresholded_margin_0p020          1517                             0.000295                               0.000000                            0.442980                         0.032471           39.730389       0.799604                        0.337508                          0.440997

Transaction penalty summary
     split                                      policy_name  num_episodes  mean_episode_total_transaction_penalty  median_episode_total_transaction_penalty  transaction_penalty_episode_frequency  mean_transaction_penalty_frequency  mean_episode_steps  cut_frequency  terminal_liquidation_frequency  mean_final_after_tax_total_value
      test                                 hold_to_terminal          1519                                     0.0                                       0.0                                    0.0                                 0.0           82.314681       0.000000                        1.000000                          0.504345
      test                                    random_policy          1519                                     0.0                                       0.0                                    0.0                                 0.0            2.395655       0.989467                        0.052666                          0.396589
      test                              sell_half_then_hold          1519                                     0.0                                       0.0                                    0.0                                 0.0           82.314681       1.000000                        1.000000                          0.449324
      test                                 sell_immediately          1519                                     0.0                                       0.0                                    0.0                                 0.0            1.000000       1.000000                        0.000000                          0.394303
      test                          sell_quarters_over_time          1519                                     0.0                                       0.0                                    0.0                                 0.0            3.813035       1.000000                        0.076366                          0.397274
      test trained_dqn_first_sale_margin_0p020_normal_0p020          1519                                     0.0                                       0.0                                    0.0                                 0.0           44.861093       0.824885                        0.359447                          0.434402
      test trained_dqn_first_sale_margin_0p030_normal_0p020          1519                                     0.0                                       0.0                                    0.0                                 0.0           47.496379       0.755760                        0.412772                          0.439389
      test trained_dqn_first_sale_margin_0p040_normal_0p020          1519                                     0.0                                       0.0                                    0.0                                 0.0           50.011850       0.670178                        0.471363                          0.444729
      test trained_dqn_first_sale_margin_0p050_normal_0p020          1519                                     0.0                                       0.0                                    0.0                                 0.0           52.163265       0.596445                        0.522054                          0.449200
      test trained_dqn_first_sale_margin_0p060_normal_0p020          1519                                     0.0                                       0.0                                    0.0                                 0.0           54.042133       0.522712                        0.570770                          0.454152
      test trained_dqn_first_sale_margin_0p070_normal_0p020          1519                                     0.0                                       0.0                                    0.0                                 0.0           56.497696       0.466096                        0.613562                          0.460117
      test trained_dqn_first_sale_margin_0p080_normal_0p020          1519                                     0.0                                       0.0                                    0.0                                 0.0           59.982225       0.415405                        0.653720                          0.463594
      test trained_dqn_first_sale_margin_0p090_normal_0p020          1519                                     0.0                                       0.0                                    0.0                                 0.0           64.150099       0.362080                        0.706386                          0.468575
      test                               trained_dqn_greedy          1519                                     0.0                                       0.0                                    0.0                                 0.0           27.432521       0.908492                        0.190915                          0.412870
      test             trained_dqn_thresholded_margin_0p001          1519                                     0.0                                       0.0                                    0.0                                 0.0           28.348255       0.907176                        0.195523                          0.413077
      test             trained_dqn_thresholded_margin_0p005          1519                                     0.0                                       0.0                                    0.0                                 0.0           32.526662       0.895984                        0.217248                          0.416848
      test             trained_dqn_thresholded_margin_0p010          1519                                     0.0                                       0.0                                    0.0                                 0.0           37.748519       0.874918                        0.258723                          0.423323
      test             trained_dqn_thresholded_margin_0p015          1519                                     0.0                                       0.0                                    0.0                                 0.0           41.495721       0.853193                        0.301514                          0.428611
      test             trained_dqn_thresholded_margin_0p020          1519                                     0.0                                       0.0                                    0.0                                 0.0           44.861093       0.824885                        0.359447                          0.434402
validation                                 hold_to_terminal          1517                                     0.0                                       0.0                                    0.0                                 0.0          102.146341       0.000000                        1.000000                          0.513235
validation                                    random_policy          1517                                     0.0                                       0.0                                    0.0                                 0.0            2.384970       0.991430                        0.045485                          0.425027
validation                              sell_half_then_hold          1517                                     0.0                                       0.0                                    0.0                                 0.0          102.146341       1.000000                        1.000000                          0.468225
validation                                 sell_immediately          1517                                     0.0                                       0.0                                    0.0                                 0.0            1.000000       1.000000                        0.000000                          0.423216
validation                          sell_quarters_over_time          1517                                     0.0                                       0.0                                    0.0                                 0.0            3.797627       1.000000                        0.088991                          0.425059
validation trained_dqn_first_sale_margin_0p020_normal_0p020          1517                                     0.0                                       0.0                                    0.0                                 0.0           39.730389       0.799604                        0.337508                          0.440997
validation trained_dqn_first_sale_margin_0p030_normal_0p020          1517                                     0.0                                       0.0                                    0.0                                 0.0           44.280158       0.736981                        0.375082                          0.443470
validation trained_dqn_first_sale_margin_0p040_normal_0p020          1517                                     0.0                                       0.0                                    0.0                                 0.0           50.012525       0.666447                        0.414634                          0.453720
validation trained_dqn_first_sale_margin_0p050_normal_0p020          1517                                     0.0                                       0.0                                    0.0                                 0.0           57.586025       0.603164                        0.462096                          0.456945
validation trained_dqn_first_sale_margin_0p060_normal_0p020          1517                                     0.0                                       0.0                                    0.0                                 0.0           66.174687       0.541859                        0.519446                          0.464273
validation trained_dqn_first_sale_margin_0p070_normal_0p020          1517                                     0.0                                       0.0                                    0.0                                 0.0           74.205669       0.470666                        0.586025                          0.471991
validation trained_dqn_first_sale_margin_0p080_normal_0p020          1517                                     0.0                                       0.0                                    0.0                                 0.0           82.413975       0.366513                        0.693474                          0.483159
validation trained_dqn_first_sale_margin_0p090_normal_0p020          1517                                     0.0                                       0.0                                    0.0                                 0.0           89.549769       0.252472                        0.792353                          0.491407
validation                               trained_dqn_greedy          1517                                     0.0                                       0.0                                    0.0                                 0.0           22.357943       0.896506                        0.198418                          0.431149
validation             trained_dqn_thresholded_margin_0p001          1517                                     0.0                                       0.0                                    0.0                                 0.0           23.059328       0.895847                        0.205669                          0.431594
validation             trained_dqn_thresholded_margin_0p005          1517                                     0.0                                       0.0                                    0.0                                 0.0           25.982202       0.882004                        0.230059                          0.430858
validation             trained_dqn_thresholded_margin_0p010          1517                                     0.0                                       0.0                                    0.0                                 0.0           30.263678       0.859591                        0.266974                          0.433138
validation             trained_dqn_thresholded_margin_0p015          1517                                     0.0                                       0.0                                    0.0                                 0.0           34.844430       0.833883                        0.305867                          0.436658
validation             trained_dqn_thresholded_margin_0p020          1517                                     0.0                                       0.0                                    0.0                                 0.0           39.730389       0.799604                        0.337508                          0.440997

Early-selling summary
     split                                      policy_name  num_episodes  average_days_to_first_sale  median_days_to_first_sale  average_steps_to_first_sale  pct_episodes_with_first_sale_before_tax_transition  mean_pct_position_sold_short_term  mean_pct_position_sold_long_term  mean_effective_tax_rate  mean_total_tax_paid  mean_final_after_tax_total_value  terminal_liquidation_frequency  cut_frequency  sell_immediately_frequency
      test                                 hold_to_terminal          1519                         NaN                        NaN                          NaN                                            0.000000                           0.000000                          1.000000                 0.099052             0.057564                          0.504345                        1.000000       0.000000                    0.000000
      test                                    random_policy          1519                    0.363273                        0.0                     0.252828                                            0.971034                           0.956715                          0.043285                 0.188006             0.090640                          0.396589                        0.052666       0.989467                    0.795260
      test                              sell_half_then_hold          1519                    0.000000                        0.0                     0.000000                                            0.977617                           0.488808                          0.511192                 0.145567             0.074619                          0.449324                        1.000000       1.000000                    1.000000
      test                                 sell_immediately          1519                    0.000000                        0.0                     0.000000                                            0.977617                           0.977617                          0.022383                 0.189883             0.091674                          0.394303                        0.000000       1.000000                    1.000000
      test                          sell_quarters_over_time          1519                    0.000000                        0.0                     0.000000                                            0.977617                           0.947663                          0.052337                 0.187185             0.090132                          0.397274                        0.076366       1.000000                    1.000000
      test trained_dqn_first_sale_margin_0p020_normal_0p020          1519                   40.733440                       17.0                    28.221069                                            0.822251                           0.739631                          0.260369                 0.167730             0.085319                          0.434402                        0.359447       0.824885                    0.081633
      test trained_dqn_first_sale_margin_0p030_normal_0p020          1519                   50.277003                       28.0                    34.768293                                            0.753127                           0.681698                          0.318302                 0.162049             0.083067                          0.439389                        0.412772       0.755760                    0.056616
      test trained_dqn_first_sale_margin_0p040_normal_0p020          1519                   54.926326                       36.0                    37.907662                                            0.668203                           0.610270                          0.389730                 0.155422             0.079614                          0.444729                        0.471363       0.670178                    0.038183
      test trained_dqn_first_sale_margin_0p050_normal_0p020          1519                   55.597130                       41.0                    38.253863                                            0.594470                           0.546248                          0.453752                 0.149215             0.076787                          0.449200                        0.522054       0.596445                    0.029625
      test trained_dqn_first_sale_margin_0p060_normal_0p020          1519                   57.416877                       46.0                    39.404282                                            0.522712                           0.482719                          0.517281                 0.142700             0.073961                          0.454152                        0.570770       0.522712                    0.018433
      test trained_dqn_first_sale_margin_0p070_normal_0p020          1519                   64.387006                       52.0                    44.120056                                            0.466096                           0.431369                          0.568631                 0.138271             0.072137                          0.460117                        0.613562       0.466096                    0.009875
      test trained_dqn_first_sale_margin_0p080_normal_0p020          1519                   72.651347                       59.0                    49.873217                                            0.415405                           0.384957                          0.615043                 0.133438             0.070538                          0.463594                        0.653720       0.415405                    0.007900
      test trained_dqn_first_sale_margin_0p090_normal_0p020          1519                   83.661818                       64.0                    57.494545                                            0.362080                           0.332620                          0.667380                 0.128521             0.068771                          0.468575                        0.706386       0.362080                    0.005267
      test                               trained_dqn_greedy          1519                   15.707246                        6.0                    10.921739                                            0.902567                           0.861916                          0.138084                 0.179355             0.088180                          0.412870                        0.190915       0.908492                    0.160632
      test             trained_dqn_thresholded_margin_0p001          1519                   16.367925                        6.0                    11.376633                                            0.901251                           0.858789                          0.141211                 0.179068             0.088065                          0.413077                        0.195523       0.907176                    0.157340
      test             trained_dqn_thresholded_margin_0p005          1519                   21.009552                        7.0                    14.587803                                            0.891376                           0.842824                          0.157176                 0.177371             0.087509                          0.416848                        0.217248       0.895984                    0.132982
      test             trained_dqn_thresholded_margin_0p010          1519                   27.675696                       10.0                    19.188864                                            0.871626                           0.812541                          0.187459                 0.174432             0.086902                          0.423323                        0.258723       0.874918                    0.107966
      test             trained_dqn_thresholded_margin_0p015          1519                   34.702932                       13.0                    24.045525                                            0.850560                           0.782258                          0.217742                 0.171758             0.086486                          0.428611                        0.301514       0.853193                    0.093483
      test             trained_dqn_thresholded_margin_0p020          1519                   40.733440                       17.0                    28.221069                                            0.822251                           0.739631                          0.260369                 0.167730             0.085319                          0.434402                        0.359447       0.824885                    0.081633
validation                                 hold_to_terminal          1517                         NaN                        NaN                          NaN                                            0.000000                           0.000000                          1.000000                 0.097505             0.058876                          0.513235                        1.000000       0.000000                    0.000000
validation                                    random_policy          1517                    0.348404                        0.0                     0.239362                                            0.988794                           0.972643                          0.027357                 0.189432             0.098644                          0.425027                        0.045485       0.991430                    0.793013
validation                              sell_half_then_hold          1517                    0.000000                        0.0                     0.000000                                            0.996704                           0.498352                          0.501648                 0.148519             0.079619                          0.468225                        1.000000       1.000000                    1.000000
validation                                 sell_immediately          1517                    0.000000                        0.0                     0.000000                                            0.996704                           0.996704                          0.003296                 0.191603             0.100362                          0.423216                        0.000000       1.000000                    1.000000
validation                          sell_quarters_over_time          1517                    0.000000                        0.0                     0.000000                                            0.996704                           0.948583                          0.051417                 0.187265             0.096685                          0.425059                        0.088991       1.000000                    1.000000
validation trained_dqn_first_sale_margin_0p020_normal_0p020          1517                   30.566364                       18.0                    21.020610                                            0.799604                           0.731707                          0.268293                 0.166043             0.081907                          0.440997                        0.337508       0.799604                    0.085036
validation trained_dqn_first_sale_margin_0p030_normal_0p020          1517                   42.175313                       25.5                    29.048301                                            0.736981                           0.683092                          0.316908                 0.161608             0.079817                          0.443470                        0.375082       0.736981                    0.059987
validation trained_dqn_first_sale_margin_0p040_normal_0p020          1517                   54.587537                       35.0                    37.582591                                            0.666447                           0.628543                          0.371457                 0.156266             0.078006                          0.453720                        0.414634       0.666447                    0.050758
validation trained_dqn_first_sale_margin_0p050_normal_0p020          1517                   73.850273                       56.0                    50.814208                                            0.603164                           0.573665                          0.426335                 0.148731             0.075667                          0.456945                        0.462096       0.603164                    0.032960
validation trained_dqn_first_sale_margin_0p060_normal_0p020          1517                   95.317518                       85.0                    65.560827                                            0.541859                           0.513843                          0.486157                 0.142797             0.074271                          0.464273                        0.519446       0.541859                    0.025049
validation trained_dqn_first_sale_margin_0p070_normal_0p020          1517                  110.908964                      103.5                    76.284314                                            0.470666                           0.445452                          0.554548                 0.137452             0.072828                          0.471991                        0.586025       0.470666                    0.017139
validation trained_dqn_first_sale_margin_0p080_normal_0p020          1517                  122.627698                      118.0                    84.357914                                            0.366513                           0.338167                          0.661833                 0.127546             0.070790                          0.483159                        0.693474       0.366513                    0.010547
validation trained_dqn_first_sale_margin_0p090_normal_0p020          1517                  134.305483                      127.0                    92.446475                                            0.252472                           0.232367                          0.767633                 0.118035             0.067680                          0.491407                        0.792353       0.252472                    0.005933
validation                               trained_dqn_greedy          1517                   14.580882                        6.0                    10.005147                                            0.896506                           0.847561                          0.152439                 0.176915             0.087747                          0.431149                        0.198418       0.896506                    0.172050
validation             trained_dqn_thresholded_margin_0p001          1517                   15.266372                        6.0                    10.481236                                            0.895847                           0.842947                          0.157053                 0.176367             0.087515                          0.431594                        0.205669       0.895847                    0.164799
validation             trained_dqn_thresholded_margin_0p005          1517                   18.245142                        8.0                    12.519432                                            0.882004                           0.823500                          0.176500                 0.174606             0.085940                          0.430858                        0.230059       0.882004                    0.148319
validation             trained_dqn_thresholded_margin_0p010          1517                   21.867331                       11.0                    15.014571                                            0.859591                           0.796144                          0.203856                 0.171994             0.084722                          0.433138                        0.266974       0.859591                    0.127225
validation             trained_dqn_thresholded_margin_0p015          1517                   25.611067                       14.0                    17.584980                                            0.833883                           0.762690                          0.237310                 0.168766             0.082942                          0.436658                        0.305867       0.833883                    0.105471
validation             trained_dqn_thresholded_margin_0p020          1517                   30.566364                       18.0                    21.020610                                            0.799604                           0.731707                          0.268293                 0.166043             0.081907                          0.440997                        0.337508       0.799604                    0.085036